$ANSIBLE_VAULT;1.1;AES256
37323838363139633862666365393663383266383466356131663064303837613362653331666639
6161646332366537386665643937386533626135393666630a383164366438656365663634326561
31633766626336333137346332333330623565653263613234326533353261306630366337343739
6337633236323839650a656336633930393533303634623762343439393539613837613232336164
35623634363065633664383234316638346437353262363163663734363537363562393166633062
34656262656632333563333532653233666632376564373363613935343665376234363236626363
64633934663139623362313933313036636262356661346332356335666432373531663732376166
62613636316235616136616562613032323234613530666636663037393638376539653463333534
39636133633664333135363133663638313339353462346464336132663936366535326631336562
33373066326235343332393734323233386530383062366233623164613366633939313866376162
32353061376162386663363036323762353137653032353064653838386262653431383666363036
63663735663332363362353065323433353566666362663237323236363863636532316637363531
37366237653133653935336265386364386232333238393933306562313030383762663530653732
30333265303965343962623763363432303636316530653166346666613337313630313366376333
36626532393031323738353033303436663335323334336466353237616239306330623735306261
32313065353562396361303434323762663061653138323538626637386436663164633432356234
63353933333364643232363438386662386535653830343035363036346138636338376235313734
39343664323763353665643161396134373839373166616361396664623339366466646139666536
65643463373364613836376564363933343934323833323966663134663730306361623962333738
65626466623439376533386133646261373635306565346163613631396636623561633262323266
35363431393232653633376465383138653037643363316164306262313839306231383762373636
63393435656264376362343935653632386265383034656465646261613364303737663730313439
61653833323031653466636561343661383638643064633334663831656134386234333263313939
35376463353838666135396537373033343431653433653537366261613763336366386466626364
37633062383632306366353661393338396237633763336533363661396165613030666535353534
61363731653633346162363638396631316136643361663664646332333830373932323437313565
35663033653038623739376634323937656361363736393263636531333234616365336462316130
31383531353238383365613834313134623861653830313735313135323765656262323364376265
33396364393061633561366164343433373763343436363034363036363862363333356532393635
30613432313666373665633063313139643936383063383935663139636432386438396362626666
63316634656138663035353061616134313764383331626236636661323533373332373866376436
62396336366562353165393063373239303864646532373837393930623534326263663161343061
35353465373536363063356361646435626238323439356363363966373164313538373835333237
31396261363030316237323662653834363166643631383865643836343062613064373361396263
31623066316235323030343930343961396264613262313338343862346238636433373439336539
62303562373961373733396238653435636434653232336330643166653234633238633338306665
35613163643032363635656466636338356538353736323136633837383630306639393137623938
37393638613631646166316262613130343364386164333836346463633338623561373337636137
62306633383733376264383763633433373832316232393963333563623565393865623865393064
63366138336431303735633034346632616565643033663339303266346139613631306635366266
38316366396666363166626533633931623932646562333561366263346464323232396362373530
38376532346238613064653036613463363565386539366561643837663338663464373461626233
30383935343562346664373665646539326131386165363864396630636334313364633439343463
38303832363830356130363061366535343233386431373034643763383331386633663361363465
30326633393862663237326638373630333964306161613431326539613864313434306666663765
35316266333163383631626534373336623938326130386437363562313839376261396530616662
65336133336537626333393361393264613933346465383835363733656234353464363036653163
30313634333333666239393961333631313661383234623531643364366439633762383165356564
39643962363030323539313538353839313930366465646230313465613930333331366336643933
32376638333565386337383763353830666666646261333564303632323565623030333339316334
30373936336131376465363135346439623165613539653439636361393435366131333165323539
30653430643634636535356565663434623338616134356139646336363536386461376231336138
33356132643461323933386135383331666336393161333462626638613562356538663636653338
35383436393763313564383832386135393537333338333838653564376633363564336135343037
61653938323363346363316138366165376431363137653330306363623733333766656331333333
64363735303362353837653437336635666234383735626465646431396236356665326533643934
37313237306466373936663966353334636238623435316336363237623462336230333334346266
64383738303765353132666337333338346166393665396563333764333535366332653033366133
65633236386632363035313633393235656663656133343764323636336263343164353830386539
38356162393661666666656633373761663835643833626235316435643633376235346630353335
35353534343930303137313062303564653166303139393735623061633863313066363963366233
34386231313962393639366138663734356332313064623765353261373562353563313936623861
35656134623361333565333432393635383335393436636434303365663933666465623835306666
37623034343162343731623062363632313530313263316138643539323630623263346261336261
34333539356335363965323033313937333965366638343062386233336232383162626662623132
66333463643663366537636163653838623434333232386131636332663039353130633230353637
37313235666534306434323831656138346262633464313965666665336664636638346438313738
34373533626232663761323663643062373166626564306565343830366433656533333838376636
35643331636161336631323537613230616631653764616138653937326131316566303434633662
31376636643639313136346432393937333834653635626430666337656530383337613138313763
35643462656333366433633532376435313564643566633538653236643334356366386136326434
32343530316330303936346135336161316331366665663132316637363464383264323062616364
33303365613639343937303434373539356264376663386263386435363334383030623039313261
65333739333032306262353130643139396338323635316663316532643264633632643637333136
34326137633330646334656666666336303366636662363864363335663665333362333234306532
37336530306435383562333563623362396238633936333464653630663333346164623036393334
38396536373962643734626336376462303765323761666461363337303536363530316463313665
37343061356463343261343530626533333531316330333339363737653239346266626437383335
33623333393365666435643239326165386139303538613231363435383538663730376136653931
61303161323665376637383362363262623834343066643630613433393735613562663561366161
62633666393838626463316237663432393438653436313032346433386137323462313630613162
38376431383133333466366166613663313861613933343533643630303762336335313466323333
38323735373765353663626435396630333436396333316536383661363564626439633033656332
38353465646537386165313932663962326636633864306334383366313437336236666230353663
31373439643861643834613030623839396364303433313063643861306561393136383338333764
32393766356661346363356464333931303466343664393661633265323165356435636232333866
30343564626463623431633936373136663235333664326266646231326638356638386463353265
32373265303639656437386266313932396133373264326631353361616537386263386131623864
63656561616333643436643432653334336263623138306262323033613763636164646539636663
36353136326565393639396638323934626137363363383234383739613338333366633231373032
61643130303462626162363433636463643632393237653731643662396562376433303835653831
37383036666636616639316632353636663861366137306563353932336434663663326336646636
66333138396230336334656239666538343337393032383733616431353433373566646265626664
33393465623836643066343930613930623339336530363466633634393533393432386139613536
33393839353865386464636238353635653134343838336562376666613431356336623165623636
35623934383662653030363430323931366239313437383564653864383632623036613239313762
32363762396162363138643161616563666663363830393331386533393761643136626561653235
36653631393836343237626132616339396162303864366335653661363333343563633065653938
30383665343834623166323538326630653136323165313933643634366664666134643066323939
65313034306537663862323532656133646366336665396666386532353237376562616235333939
35336437646463663832636236303036333763323062666661323439633436353034393832323735
30313530376630386364653233353632653165316361376166656334383564633539616238373930
36343862303435306136623564636339383364376237316565373438393633666530356638383730
36323664313762646233633034636638346165393364613461303236346635373166366264303266
38306131306435616231323636366434393739663266343930663332326262623736633132363337
33303437613238663135613335643362343436333236336364613065353630623330346261316265
34333165633263623464323631653031373939383266303363303637393139386365313335356561
31666231313836313562653936343836343761653933333131623563373131636464663661626534
39383465363238383864313361653662366331653931653430396165333036376234383936363764
62326436336361613036366131303137396534323537306237626532393932363462336430393532
32393431613265323835376431333130663261613264643961633933656534613066333138383139
33313834653731396165336665646666326236623238623431653833313963313634646466636463
63343662306165323531636234623231363435336562633962633931646231326530613437313135
31393764303937666362643766646232653736613630323139336465323261316538376636663366
37666434613532386530666633393761613761346664633634666139393362623135646135623839
38613539623330326362643438616564616238333566373839646465323632346462653537613735
63663965363838333830333432306138613133343532653561666231373039646262666165323166
39653432633665333630303338383763646462306465353961663766383461373633616435353162
35393936653839346631633834633830623265323231653261353735633338613034653235393033
36306437386362636464616266376335336462343135323038353236346366343232633834343261
32383633656164393063303634663135643335386463356534333939636666306632366466393334
36366230326130376639616636303436373563353264393464373163323465393933636231386634
34343239326530353338383466303831303936373730376434313039333832353336666638636239
37663238626162363539386335313838313733346534646138343330393665393461333837353034
30303765373237653865666430313938313463616232643663663030646564656337363431383962
36633635666137316233316366623065616465623031363537646433643338613131303230326663
37646531313037356335656537353962653539313636663065343363366237303735346432343733
36343666343136306264636136373637393939656161396661623739613066313663356162343236
30376164646439383131373338643332346232623065663339663161323031353863353162613736
65653232636338313039363661373539353936393763616632343036656233353265656534323036
62643836303265333464653566373163323433303235633938633663653365666230626134373034
38643862333937656636626564623338643535656138623438633436353137386565383539366436
64373162363565316634383866373666613965303663646664613061343335623065373264653333
33333862643166666365623961623262326136663363623532353262626632393364373737643334
37316338393866376363393531623938306461613961613430653865373430383132633564393130
65656631646634353261346131323566656432386438333530343930633362633233643566623536
65663638363334363763333538323636366533663130393965656233313630356133373961363162
39396165336664366134383262356332626638363364376564363131396436653636643737333962
31383366616637613431326234393231393761303135653533346565336238366136616163303362
65376131373731303332383733343462653761333339336132393331396130623038636431353136
64656663663464313434613339386233626133643565626164643130663562356562393065343565
61386636313231386666346462393437613534326232313665386630373235316234393162653065
37353965386161666535393937633430653962316566303335323933666163386531613762363065
35393263303063646533363562326162356535613566613631303433393766303333356462623231
38303030313462613431333832306437653236653737356333653638363939373430646266646261
34636364643631623565343439336436306164383461356235336638373165343837323263623037
33376466363735663763636361326565333037333836616239623266616630366236623331646535
65326138633532616335323739633938373534363932663931653663646561323730353237313162
39623835616663376262626132623365636630326265363761383234396332633633316237393038
61633333313966343739616564353735616464353635613166663266316166306265666537303835
61326437383365353963353066643538333639336536313339386235643362353637303865633431
31373064343137393533323330356539616364333838383136623865326536636362306466663662
61636264306434643238616431356663303630343033633531343835646531356438613631326630
62356337613033393937363934306534353937653137623733303131336566346131643835323565
32383232633230633136303464646463643463613936373462316662663666306137653361643530
30373034346436626163646137386532373861633261376634666366663236386361333734383961
62393761646232363036633264396236653933636463666662666437616161626332653237396635
33633134626332313634336164373830653435383639333136313263376233333637366230326233
35653562633933663038366662303830336431343866353964333333646161663638303463633733
64366331653465616161363863643534313866323832323439373335663536343463666466393666
63363166626536396234393239313461653731386262316362393239626632353931633939393664
34316461326432306265316533333564363539626161336666313964326233303830643434326332
65383361356335663334303835636261333332363466613264366338313832393930396430633239
64366466393538393461633736623537636566666338383339313261643431346466386530336138
64376662643864656533666438383561633165383066633032623832323333666262623034613837
66303333663935393137623166306337373133326639653064353266613930333162333965663135
38353564303361613438393662376466396365386262636161643130646463623132376466336561
30643861616234366137383638363365353562623736643738373863633934346139396331373839
39363961303437623663613930666464386332333438653333636432633061633664663739653231
64336333626330303635353934333961363837616464383534336637333835353936313130663864
61646663653838386439653963333235663437376164396231303866653733656138646563306261
30386362626365343263326232326533333535356330313333353637656164383238653030613435
39653531323331356432336261623665336433636239666362633335623132383064
